matrix A: 
         6          5          0          3 
         4          3          0          7 
         1          6          9          5 
         7          4          7          8 
         0          1          9          6 
matrix R: 
      10.1       7.53       5.74       10.6 
         0       5.51       8.67        4.4 
         0          0       10.1       5.52 
         0          0          0       4.57 
matrix Q: 
     0.594     0.0961     -0.419     -0.308 
     0.396    0.00356     -0.227      0.884 
     0.099      0.954     0.0162     -0.074 
     0.693     -0.221      0.486     -0.231 
         0      0.181      0.732      0.254 
matrix QR: 
         6          5          0          3 
         4          3          0          7 
         1          6          9          5 
         7          4          7          8 
         0          1          9          6 
matrix Q^T Q: 
         1  -1.94e-16   1.11e-16          0 
 -1.94e-16          1  -8.33e-17  -6.25e-17 
  1.11e-16  -8.33e-17          1  -3.05e-16 
         0  -6.25e-17  -3.05e-16          1 
